
0,120.3987
902.1301,124.7533
1804.26,114.0444
2706.39,94.4943
3608.52,69.34289
4510.65,39.47315
5412.78,4.363432
6314.91,-34.93068
7217.04,-76.51587
8119.171,-119.3852
9021.301,-160.7757
9923.431,-195.2421
10825.56,-221.5243
11727.69,-241.6562
12629.82,-257.8824
13531.95,-266.7022
14434.08,-264.8168
15336.21,-251.9343
16238.34,-230.5786
17140.47,-201.136
18042.6,-162.9666
18944.73,-116.7052
19846.86,-63.76412
20748.99,-6.736977
21651.12,50.00894
22553.25,99.88235
23455.38,133.6234
24357.51,157.4924
25259.64,172.8242
26161.77,175.8548
27063.9,156.8993
27966.03,112.6976
28868.16,58.95127
29770.29,3.031301
30672.42,-52.33549
31574.55,-109.0317
32476.68,-164.2102
33378.81,-212.8598
34280.94,-252.2466
35183.07,-277.6755
36085.2,-282.2584
36987.33,-269.6587
37889.46,-246.1862
38791.59,-214.5023
39693.72,-171.8813
40595.85,-113.972
41497.98,-47.05682
42400.11,23.3215
43302.24,92.03967
44204.37,150.3614
45106.5,191.3596
46008.63,223.2503
46910.76,254.4212
47812.89,282.2525
48715.02,298.1546
49617.15,298.1234
50519.28,294.7979
51421.41,295.3613
52323.54,297.1479
53225.67,292.8185
54127.8,279.8692
55029.93,264.1901
55932.06,248.3211
56834.19,235.504
57736.32,229.5591
58638.45,229.869
59540.58,234.5883
60442.71,242.5582
61344.84,258.0809
62246.97,283.8481
63149.1,317.3352
64051.23,350.8877
64953.36,380.1839
65855.49,394.8901
66757.62,384.6804
67659.75,363.866
68561.88,343.2429
69464.01,324.4636
70366.14,298.5487
71268.27,256.8917
72170.4,217.616
73072.53,190.9899
73974.66,177.171
74876.79,169.9097
75778.93,162.1245
76681.06,154.7822
77583.19,147.7875
78485.32,139.2011
79387.45,126.4567
80289.58,106.4244
81191.71,81.05192
82093.84,50.65125
82995.97,17.63232
83898.1,-15.41958
84800.23,-46.89262
85702.36,-75.94447
86604.49,-101.7508
87506.62,-121.9806
88408.75,-132.2363
89310.88,-135.1795
90213.01,-133.1145
91115.14,-128.3285
92017.27,-119.1941
92919.4,-103.0002
93821.53,-84.75723
94723.66,-67.40442
95625.79,-51.50875
96527.92,-32.83665
97430.05,-9.230524
98332.18,16.79404
99234.31,43.83732
100136.4,72.83777
101038.6,105.5226
101940.7,140.1599
102842.8,176.2546
103745,211.2246
104647.1,240.5917
105549.2,258.2979
106451.3,264.1271
107353.5,264.0288
108255.6,261.1984
109157.7,252.7954
110059.9,234.9668
110962,212.7237
111864.1,192.3152
112766.3,175.5398
113668.4,160.2255
114570.5,141.6174
115472.6,119.3134
116374.8,94.73149
117276.9,68.76621
118179,43.89725
119081.2,22.31784
119983.3,2.674779
120885.4,-18.38862
121787.6,-39.63593
122689.7,-57.98184
123591.8,-68.55305
124493.9,-75.6128
125396.1,-83.58256
126298.2,-92.98109
127200.3,-99.84271
128102.5,-97.55567
129004.6,-89.99134
129906.7,-80.46041
130808.9,-68.25515
131711,-47.98682
132613.1,-14.09983
133515.2,27.88817
134417.4,72.45088
135319.5,114.6605
136221.6,150.8018
137123.8,177.1183
138025.9,199.1284
138928,217.9049
139830.2,229.1641
140732.3,224.6394
141634.4,203.0084
142536.5,176.6236
143438.7,151.3014
144340.8,127.706
145242.9,102.297
146145.1,75.23954
147047.2,50.8603
147949.3,30.92064
148851.5,16.32729
149753.6,7.876004
150655.7,4.759484
151557.9,4.80846
152460,6.509823
153362.1,10.95567
154264.2,20.68817
155166.4,34.122
156068.5,48.02622
156970.6,60.82629
157872.8,72.32485
158774.9,83.54395
159677,94.41927
160579.2,105.1242
161481.3,114.5596
162383.4,118.8915
163285.5,114.0955
164187.7,105.1843
165089.8,95.56647
165991.9,85.05657
166894.1,70.39834
167796.2,50.34398
168698.3,29.34719
169600.5,10.26288
170502.6,-5.614966
171404.7,-17.54848
172306.8,-23.83258
173209,-25.77556
174111.1,-22.19101
175013.2,-13.89527
175915.4,1.116748
176817.5,22.1166
177719.6,49.02339
178621.8,80.1951
179523.9,112.0214
180426,136.5575
181328.1,144.6105
182230.3,138.9576
183132.4,121.6083
184034.5,93.68307
184936.7,56.57967
185838.8,11.17273
186740.9,-36.79423
187643.1,-82.53481
188545.2,-119.1145
189447.3,-135.4296
190349.4,-131.5127
191251.6,-116.5008
192153.7,-95.80666
193055.8,-71.34656
193958,-45.08626
194860.1,-20.72606
195762.2,-0.3546269
196664.4,13.46969
197566.5,15.76993
198468.6,-0.4446563
199370.7,-30.97575
200272.9,-68.92113
201175,-109.1994
202077.1,-143.8928
202979.3,-164.144
203881.4,-175.6232
204783.5,-184.0322
205685.7,-188.8615
206587.8,-180.7813
207489.9,-147.4611
208392,-102.8897
209294.2,-59.2792
210196.3,-20.70824
211098.4,10.1979
212000.6,31.56715
212902.7,46.39203
213804.8,57.1963
214707,62.57712
215609.1,53.33363
216511.2,20.66507
217413.3,-16.28891
218315.5,-46.7932
219217.6,-68.85805
220119.7,-88.16226
221021.9,-111.5034
221924,-136.1779
222826.1,-161.6163
223728.3,-188.9395
224630.4,-217.3864
225532.5,-249.2727
226434.6,-291.0701
227336.8,-344.2436
228238.9,-401.2298
229141,-442.3057
230043.2,-453.2787
230945.3,-448.8902
231847.4,-436.3536
232749.6,-411.364
233651.7,-354.9917
234553.8,-260.4278
235455.9,-143.3856
236358.1,-22.3009
237260.2,92.50252
238162.3,192.5446
239064.5,269.7408
239966.6,327.353
240868.7,369.6349
241770.9,392.4698
242673,391.6327
243575.1,369.6974
244477.2,341.5116
245379.4,316.4173
246281.5,292.7623
247183.6,263.6975
248085.8,231.247
248987.9,203.0451
249890,181.3482
250792.2,163.8605
251694.3,145.3759
252596.4,118.1496
253498.5,76.60828
254400.7,16.30532
255302.8,-54.76927
256204.9,-118.7452
257107.1,-180.5907
258009.2,-249.6173
258911.3,-322.34
259813.5,-377.9959
260715.6,-380.588
261617.7,-342.0964
262519.8,-281.9682
263422,-214.8724
264324.1,-150.2108
265226.2,-93.15832
266128.4,-51.65156
267030.5,-24.65088
267932.6,-15.62795
268834.8,-25.09296
269736.9,-50.8551
270639,-86.09383
271541.1,-124.6947
272443.3,-162.1786
273345.4,-192.3602
274247.5,-210.2103
275149.7,-216.6967
276051.8,-218.2289
276953.9,-216.1983
277856.1,-208.6021
278758.2,-191.0055
279660.3,-166.5074
280562.4,-140.3515
281464.6,-113.8014
282366.7,-86.5007
283268.8,-57.5665
284171,-28.53091
285073.1,-1.663076
285975.2,21.27072
286877.4,37.78494
287779.5,43.9239
288681.6,44.14592
289583.7,42.55197
290485.9,41.35765
291388,40.76106
292290.1,38.90611
293192.3,38.21995
294094.4,41.26755
294996.5,46.86114
295898.7,52.05983
296800.8,50.38796
297702.9,42.09472
298605,29.16436
299507.2,12.80506
300409.3,-4.752951
301311.4,-21.74734
302213.6,-40.63206
303115.7,-61.64172
304017.8,-82.50901
304920,-95.99927
305822.1,-94.45396
306724.2,-84.89323
307626.4,-72.5626
308528.5,-59.21847
309430.6,-44.80994
310332.7,-29.54732
311234.9,-14.36054
312137,0.2439613
313039.1,13.20175
313941.3,22.04661
314843.4,24.96167
315745.5,27.83613
316647.7,34.90728
317549.8,46.65985
318451.9,60.47147
319354,73.32409
320256.2,88.79663
321158.3,108.6344
322060.4,131.1943
322962.6,149.7844
323864.7,158.1493
324766.8,161.1915
325669,163.1849
326571.1,165.4902
327473.2,164.9738
328375.3,159.798
329277.5,153.3429
330179.6,148.8653
331081.7,146.248
331983.9,143.7729
332886,139.0782
333788.1,132.6334
334690.3,126.3592
335592.4,118.532
336494.5,107.2846
337396.6,88.51689
338298.8,66.31058
339200.9,43.85244
340103,21.82116
341005.2,0.1399606
341907.3,-22.94601
342809.4,-46.31793
343711.6,-69.26863
344613.7,-90.3622
345515.8,-106.4307
346417.9,-113.951
347320.1,-117.4156
348222.2,-119.7261
349124.3,-120.581
350026.5,-116.4836
350928.6,-103.4096
351830.7,-85.85621
352732.9,-67.21849
353635,-48.92424
354537.1,-32.02104
355439.2,-17.04319
356341.4,-4.383262
357243.5,6.845556
358145.6,16.24371
359047.8,22.8199
359949.9,25.81519
360852,27.8262
361754.2,31.82572
362656.3,38.25278
363558.4,45.83869
364460.5,52.31996
365362.7,59.9522
366264.8,70.32614
367166.9,82.64972
368069.1,92.64815
368971.2,94.68179
369873.3,93.48017
370775.5,92.98218
371677.6,93.58133
372579.7,91.8726
373481.8,82.72339
374384,70.36261
375286.1,57.86479
376188.2,45.99651
377090.4,33.25312
377992.5,17.63659
378894.6,0.388743
379796.8,-18.06958
380698.9,-36.56112
381601,-53.56137
382503.1,-65.95334
383405.3,-76.60519
384307.4,-87.88427
385209.5,-99.04619
386111.7,-106.8151
387013.8,-105.9125
387915.9,-100.1802
388818.1,-93.38936
389720.2,-86.34383
390622.3,-78.75895
391524.4,-70.04626
392426.6,-60.35488
393328.7,-50.79116
394230.8,-41.23981
395133,-31.86823
396035.1,-22.7321
396937.2,-13.66813
397839.4,-5.154803
398741.5,2.22106
399643.6,8.26251
400545.7,12.76131
401447.9,15.8942
402350,18.01991
403252.1,19.63288
404154.3,21.63764
405056.4,25.16763
405958.5,31.28202
406860.7,41.5953
407762.8,55.36
408664.9,70.58638
409567,83.68786
410469.2,93.78818
411371.3,102.3351
412273.4,109.3124
413175.6,112.6287
414077.7,109.2173
414979.8,99.69723
415882,87.37468
416784.1,74.9141
417686.2,64.70934
418588.3,58.75098
419490.5,59.4407
420392.6,67.09145
421294.7,83.10197
422196.9,109.4125
423099,146.9342
424001.1,195.2529
424903.3,251.7135
425805.4,309.644
426707.5,361.6794
427609.6,390.7099
428511.8,391.8388
429413.9,377.1089
430316,350.2094
431218.2,311.3791
432120.3,248.316
433022.4,164.3325
433924.6,75.41599
434826.7,-8.093578
435728.8,-78.9344
436630.9,-129.8505
437533.1,-157.0201
438435.2,-166.8098
439337.3,-165.9417
440239.5,-155.3305
441141.6,-133.1394
442043.7,-100.0429
442945.9,-63.14239
443848,-27.50377
444750.1,3.715779
445652.2,26.16423
446554.4,35.78562
447456.5,37.22061
448358.6,34.00533
449260.8,26.41688
450162.9,14.16091
451065,-0.4931766
